id0016832	284	0	1
id0019251	284	0	0
id0007472	284	1	1
id0006719	284	2	1
id0030295	284	3	1
id0016925	284	4	1
id0004018	284	5	1
id0019162	284	6	1
id0008511	284	7	1
id0024130	284	8	1
id0002263	284	9	1
id0036569	284	10	1
id0010917	284	11	1
id0008320	284	12	1
id0030184	284	12	0
id0010669	284	13	1
id0021813	284	13	0
id0036286	284	14	1
id0018600	284	15	1
id0016184	284	16	1
id0009251	284	17	1
id0004712	284	18	1
id0017504	284	18	0
id0018485	284	19	1
id0027076	284	20	1
id0017556	284	21	1
id0030883	284	21	0
id0034958	284	22	1
id0038379	284	23	1
O25A	284	24	1
id0009882	284	25	1
id0027823	284	26	1
id0011444	284	27	1
id0038474	284	28	1
id0023541	284	29	1
id0025033	284	30	1
id0029794	284	31	1
id0026101	284	32	1
id0012369	284	33	1
id0024834	284	34	1
id0002093	284	35	1
id0018384	284	36	1
id0038986	284	37	1
id0031924	284	37	0
id0011535	284	38	1
id0022747	284	39	1
id0020296	284	40	1
id0013736	284	41	1
id0029543	284	42	1
id0026616	284	43	1
O123A	284	43	0
id0011034	284	44	1
id0039208	284	45	1
id0035626	284	46	1
id0030390	284	47	1
id0028221	284	48	1
id0020808	284	49	1
id0018171	284	50	1
id0007568	284	51	1
id0023661	284	51	0
id0000512	284	52	1
id0011521	284	53	1
id0017342	284	54	1
id0037784	284	55	1
id0011646	284	56	1
id0032649	284	57	1
id0022171	284	58	1
id0039027	284	59	1
id0017881	284	60	1
id0018361	284	61	1
id0035419	284	62	1
id0005282	284	62	0
id0005773	284	63	1
id0039110	284	64	1
id0026225	284	65	1
id0039189	284	65	0
id0022161	284	66	1
O153A	284	66	0
id0033175	284	67	1
id0005064	284	68	1
id0015748	284	69	1
id0030173	284	70	1
id0008043	284	71	1
id0025132	284	72	1
id0024293	284	73	1
id0019412	284	74	1
id0027168	284	75	1
id0038330	284	76	1
id0010122	284	77	1
id0023631	284	78	1
id0023201	284	79	1
id0025594	284	80	1
id0022334	284	81	1
id0025680	284	82	1
id0035765	284	83	1
id0000069	284	84	1
id0013010	284	85	1
id0029602	284	86	1
id0005272	284	86	0
id0024620	284	87	1
id0005088	284	88	1
id0008493	284	89	1
id0029280	284	90	1
id0021508	284	91	1
id0028957	284	92	1
id0009604	284	93	1
id0027620	284	93	0
id0003895	284	94	1
O17	284	94	0
id0013208	284	95	1
id0011932	284	96	1
id0026738	284	97	1
id0023006	284	97	0
id0012797	284	98	1
id0021264	284	98	0
id0038540	284	99	1
O176A	284	99	0
id0008787	284	100	1
id0035526	284	101	1
id0035488	284	101	0
id0034145	284	102	1
id0034733	284	102	0
id0008954	284	103	1
id0027751	284	103	0
id0028770	284	104	1
id0039231	284	104	0
id0027916	284	105	1
id0021026	284	106	1
O2D	284	106	0
id0000079	284	107	1
id0012371	284	108	1
id0003614	284	108	0
id0014628	284	109	1
id0027145	284	110	1
id0022970	284	111	1
id0023228	284	112	1
id0028162	284	113	1
id0021159	284	113	0
id0034188	284	114	1
id0012112	284	114	0
id0032711	284	115	1
id0018914	284	116	1
id0008706	284	116	0
id0036098	284	116	0
id0022532	284	117	1
id0035089	284	117	0
id0022421	284	118	1
id0021488	284	118	0
id0030461	284	118	0
id0015464	284	119	1
id0016239	284	119	0
id0028094	284	120	1
id0035719	284	121	1
id0003655	284	121	0
id0016970	284	122	1
id0022717	284	122	0
id0001814	284	123	1
O32	284	123	0
id0024145	284	124	1
O45B	284	124	0
id0008972	284	125	1
id0023363	284	126	1
id0018041	284	127	1
id0018290	284	128	1
id0015022	284	129	1
id0001326	284	130	1
id0034756	284	131	1
id0017637	284	132	1
id0005681	284	133	1
id0011883	284	134	1
id0018871	284	135	1
id0023983	284	136	1
id0019968	284	137	1
id0012653	284	138	1
id0011743	284	139	1
id0017529	284	140	1
id0034773	284	141	1
O90A	284	141	0
id0012582	284	142	1
id0012655	284	143	1
id0003158	284	144	1
id0002377	284	145	1
id0030603	284	146	1
id0003157	284	147	1
id0002986	284	148	1
id0006334	284	149	1
id0020630	284	150	1
id0012460	284	151	1
id0029756	284	152	1
id0021365	284	152	0
id0007362	284	153	1
id0037364	284	154	1
id0003181	284	155	1
id0031397	284	156	1
id0008212	284	157	1
id0031355	284	158	1
id0035451	284	159	1
id0010235	284	160	1
id0010443	284	161	1
id0023238	284	162	1
id0014563	284	163	1
id0008337	284	164	1
id0011090	284	165	1
O9B	284	165	0
id0002649	284	166	1
id0008645	284	167	1
id0032566	284	168	1
id0023834	284	169	1
id0027368	284	170	1
id0000165	284	171	1
id0014734	284	171	0
id0000225	284	172	1
id0011890	284	172	0
id0000567	284	173	1
id0000881	284	174	1
id0001049	284	175	1
id0002321	284	176	1
id0002348	284	177	1
id0002942	284	178	1
id0003486	284	179	1
id0003736	284	180	1
id0006357	284	181	1
id0017227	284	181	0
id0006380	284	182	1
id0013376	284	182	0
id0008952	284	183	1
id0023567	284	183	0
id0008956	284	184	1
id0009395	284	185	1
id0025524	284	185	0
id0009550	284	186	1
id0010054	284	187	1
id0011511	284	188	1
id0030274	284	188	0
id0011600	284	189	1
id0011746	284	190	1
id0012029	284	191	1
id0020628	284	191	0
id0014427	284	192	1
id0014691	284	193	1
id0015317	284	194	1
id0015475	284	195	1
id0017255	284	195	0
id0015632	284	196	1
id0037989	284	196	0
id0016527	284	197	1
O38B	284	197	0
id0017589	284	198	1
id0038081	284	198	0
id0017737	284	199	1
O46B	284	199	0
id0018161	284	200	1
id0036366	284	200	0
id0018949	284	201	1
id0019519	284	202	1
id0038816	284	202	0
id0020252	284	203	1
id0020381	284	204	1
id0020436	284	205	1
id0020544	284	206	1
id0020793	284	207	1
id0022891	284	208	1
id0023159	284	209	1
id0023392	284	210	1
id0024026	284	211	1
id0024924	284	212	1
id0025175	284	213	1
O70B	284	213	0
id0025240	284	214	1
id0025790	284	215	1
id0026488	284	216	1
id0027564	284	217	1
id0028125	284	218	1
id0028470	284	219	1
id0028740	284	220	1
O187	284	220	0
id0028752	284	221	1
id0030392	284	222	1
id0030717	284	223	1
id0030796	284	224	1
id0031642	284	225	1
id0031845	284	226	1
id0033416	284	227	1
id0034911	284	228	1
id0035009	284	229	1
id0035077	284	230	1
id0035490	284	231	1
id0036142	284	232	1
O15	284	232	0
id0036185	284	233	1
O13	284	233	0
id0036786	284	234	1
id0036825	284	235	1
id0037261	284	236	1
id0037495	284	237	1
O10	284	238	1
O100	284	239	1
O103B	284	240	1
O107	284	241	1
O109C	284	242	1
O11	284	243	1
O113	284	244	1
O115B	284	245	1
O119A	284	246	1
O121B	284	247	1
O123B	284	248	1
O126A	284	249	1
O129B	284	250	1
O139B	284	251	1
O14	284	252	1
O140	284	253	1
O145A	284	254	1
O146B	284	255	1
O149B	284	256	1
O153C	284	257	1
O156C	284	258	1
O159	284	259	1
O15B	284	260	1
O16	284	261	1
O160	284	262	1
O174C	284	263	1
O22A	284	264	1
O23	284	265	1
O26C	284	266	1
O3	284	267	1
O43	284	267	0
O30	284	268	1
O51B	284	268	0
O36	284	269	1
O37	284	270	1
O53A	284	271	1
O56	284	272	1
O57	284	273	1
O5A	284	274	1
O62	284	275	1
O66	284	276	1
O6F	284	277	1
O70A	284	278	1
O71A	284	279	1
O80	284	280	1
O84	284	281	1
O88B	284	282	1
O8D	284	283	1
O91D	284	284	1
O91E	284	285	1
O98	284	286	1
O9A	284	287	1
OND	284	288	1
